0.00000000000000D-00  
-0.48416954845647D-03   
0.95717059088800D-06
0.53977706835730D-06   
0.68658987986543D-07  
-0.14967156178604D-06 
0.90722941643232D-07   
0.49118003174734D-07   
0.27385060950085D-07 
0.54130445738812D-07  
-0.50161314595688D-07   
0.36382340623690D-07 
      0.39946428731683D-07  
-0.21803861547203D-07   
0.31659510926189D-08 
     -0.54302320884432D-08   
0.18108375059805D-07   
0.72691846007246D-08 
     -0.35185503098098D-08   
0.18789986549777D-07   
0.75099342826721E-08 
     -0.11260154141176E-07  
-0.22915410416650E-07  
-0.60979289354851E-09 
      0.48446261111580E-08   
0.79668050656844E-08   
0.33674814337740E-08 
     -0.81536193456106E-08  
-0.19679432901413E-08   
0.13237996046511E-07 
      0.56361673559094E-08  
-0.25747732985187E-08  
-0.81117166856879E-09
     -0.82907259735236E-08   
0.68544469188522E-08  
-0.50519048636742E-08 
     -0.68757998860101E-08  
-0.93774154796589E-08   
0.10137302292709E-08 
     -0.38208859642553E-08  
-0.95336583373610E-09   
0.24373493884028E-09 
      0.64209676586649E-08   
0.34007068998286E-08  
-0.46157846187735E-08 
      0.22604862340254E-08  
-0.17659810223084E-09   
0.88202849431358E-08 
     -0.99562444838791E-09  
-0.12978107427335E-08 

