   0.000000000000000E+000   0.000000000000000E+000
 
  -1.869876400000000E-010   1.195280100000000E-009
   2.439260748656300E-006  -1.400266397588000E-006
 
   2.030137205553000E-006   2.481307982556100E-007
   9.047063412729100E-007  -6.189228464784900E-007
   7.211449398230900E-007   1.414203984735400E-006
 
  -5.362435542985100E-007  -4.737723706159700E-007
   3.506701564593800E-007   6.625713459426800E-007
   9.908689057744099E-007  -2.009873548473100E-007
  -1.884813674252700E-007   3.088480369035500E-007
 
  -6.272736969770500E-008  -9.419463213438300E-008
   6.524591027635300E-007  -3.233343524443500E-007
  -4.518370480878000E-007  -2.149541934642100E-007
  -2.951233930219600E-007   4.974142723093400E-008
   1.748315776999000E-007  -6.693929372491100E-007
 
  -7.610358040727400E-008   2.689981893262900E-008
   4.832747212489200E-008  -3.738159194435500E-007
   5.702096575797400E-008   8.889473800825099E-009
  -8.622803261979999E-008  -4.714051123214800E-007
  -2.671122717196600E-007  -5.364101646639000E-007
   9.501651833855700E-009  -2.372614788952200E-007
 
   2.802865220368900E-007   9.477731781331300E-008
   3.297602274241000E-007   9.319369683104500E-008
   2.505015267503800E-007  -2.173201084525400E-007
  -2.755409630740300E-007  -1.241415124851600E-007
   1.644003814641100E-009   1.807533523350600E-008
  -3.588426330791800E-007   1.517780844342600E-007
   1.379517056407600E-009   2.412859408077300E-008
 
   2.333375168720400E-008   5.849927493936800E-008
   8.007066393158700E-008   6.551855909746400E-008
  -1.925176433140000E-008  -8.628583653424800E-008
  -2.443580643929700E-007   6.985707485043100E-008
  -2.549841001025700E-008   8.909029749463999E-008
  -6.585935386438799E-008   3.089206415795600E-007
   6.726270184873400E-008   7.481319676871000E-008
  -1.239706139549800E-007   1.204410066876600E-007
 
   1.422302589271400E-007   2.190961834937600E-008
   2.262064235584300E-008  -3.217498496216600E-008
  -1.610642789724300E-007  -7.454546406143800E-008
  -8.201736687787199E-009   2.006809328684100E-008
  -1.632506151592400E-008  -5.427147324799200E-008
   6.283318692241000E-008   2.226773109491900E-007
  -1.181588521762900E-007  -9.689938583998900E-008
   1.879842695472200E-007  -3.015444065790200E-009
  -4.772482192317800E-008   9.658557763079701E-008
 
   8.375883233267100E-008  -1.315540653984300E-007
  -9.355792568284300E-008  -5.141589058490100E-008
  -7.196736707364400E-009  -1.541798811853500E-007
  -8.433535239533800E-008  -7.848534617179000E-008
  -4.951974081805400E-008  -5.029269357792100E-008
  -3.741883373669300E-008  -7.946421827495800E-008
   8.208406252078301E-009  -3.149135840109200E-009
   4.046784187107700E-008  -9.191668273437100E-008
   1.254025025227700E-007  -3.773647775368800E-008
   1.003823313139800E-007  -2.380940444719300E-008
 
   1.610707773872000E-008  -2.789215284070100E-008
   1.842979546105300E-008  -9.845211720437001E-008
  -3.056069800745500E-008  -1.488030905122700E-007
  -4.002410778233900E-008  -6.359653021344901E-008
   3.743587456770800E-008   4.982863168004100E-008
  -1.460781405551500E-009   3.417316123037300E-008
   4.706182474018300E-009  -8.977723505705099E-008
  -6.140603106925100E-009   2.457225450520000E-008
  -3.145551622767500E-008   4.204071368815500E-008
  -5.212930858853700E-008  -1.830227800223500E-008
   4.622694597406500E-008  -6.959251378601899E-008
 
  -5.419170133630900E-008  -4.201177576767500E-008
   1.398573846057300E-008   3.104776964431300E-008
   3.897852077777000E-008   2.457658095994000E-008
  -6.841969818708000E-008   2.954325605934400E-009
   3.110707552726600E-008   7.638788312431200E-009
   3.324419468036100E-009   3.936883348448400E-008
  -1.860310654174700E-008   3.557082924916600E-008
  -2.570247740266800E-008   1.666679446462400E-008
   4.179307771165500E-008   2.532457990895400E-008
  -6.169384712094900E-009   3.098626291895500E-008
   1.132082728838400E-008  -6.344225544845400E-009
  -2.349275226934100E-009  -1.095942655340600E-008
 
  -5.296686826136100E-008   3.987681644742200E-008
   5.603912527539700E-008  -6.269934130093499E-008
  -2.181713194859000E-008   9.820899907745499E-008
  -1.470937244184500E-009  -1.261384878646400E-008
   5.825312541541700E-008   6.584564896811100E-008
  -3.531198874044200E-008  -6.058331529755200E-009
   2.706364920029000E-009  -7.711057891450000E-009
  -9.887178758647800E-009  -9.728937161749900E-009
   2.475363005478100E-008   4.535925772066700E-008
   4.089214745861100E-008  -3.709894342135400E-008
  -4.473907456551300E-008  -4.832892060727400E-009
  -3.141002134647700E-008   8.810634937440600E-008
  -6.121134107422999E-008   6.840878569086800E-008
 
  -1.902375194150100E-008   2.747182606272200E-008
  -3.697896606244500E-008  -2.989107489839100E-009
   3.680943583936400E-008   2.031340437997800E-008
   1.712066036900100E-009  -2.068804400064300E-008
   2.989946245013300E-008  -1.685791083841100E-008
  -1.940098173009200E-008   2.412959412996500E-009
   3.685113263149300E-008  -4.222364588974000E-009
  -3.486685291835300E-008  -1.488841478868300E-008
   3.237663877821500E-008   2.869821255074100E-008
   3.883848946206700E-008  -1.464650293691700E-009
   1.535653946291400E-008  -3.903850310973200E-008
   8.504664616608800E-009  -3.092172774028000E-008
   3.216674713507100E-008   4.520008119938900E-008
  -5.178343636694400E-008  -5.013570608973100E-009
 
   1.201904846780300E-008   8.173267107992699E-009
  -2.174627285322800E-008  -3.173303962195600E-008
   5.240306466880200E-008   1.515986231036100E-008
  -4.216269144607000E-008   7.827099690988400E-009
   1.345089584669700E-008   8.982334962988601E-009
   3.346338622082300E-008  -3.775253213256200E-008
   5.991270135486600E-008   6.056192327151400E-009
  -3.198955241636400E-008   2.227091388312000E-008
   1.302672202425700E-008   3.787641370416600E-008
   1.031133075235000E-008   1.495632919521700E-008
  -9.517449184960000E-010   1.871633666747400E-008
  -3.272899160453600E-008   1.571977652891400E-008
  -2.828896092656400E-008  -4.294395852600400E-009
   5.304481127979600E-009  -2.444248462269000E-008
  -1.922753255776000E-008  -4.704371774029600E-009
 
   2.753349934981700E-008   3.370819904372700E-008
  -2.239529400631500E-008   2.620661335464400E-008
  -3.510078900446700E-008  -2.324151996798200E-008
   4.121897673986000E-008   4.605669697660100E-008
  -1.349526357572700E-008  -1.678850706088900E-009
   1.432105465052000E-008  -3.444535925162600E-008
  -7.812966220686900E-009  -8.510143252064500E-009
  -2.153784226972800E-008   5.247575040028800E-009
  -2.277671528924300E-008  -3.892388745333400E-008
  -1.212871002112300E-008   1.206463599310300E-008
   1.926583518329000E-008  -2.974757520274100E-009
   1.969774255939900E-008   6.914509279778300E-009
   1.383733018916300E-008   9.939310476433900E-010
  -1.912592908462800E-008  -3.886016073149900E-008
  -1.446051125062300E-008  -3.269910298422800E-008
  -3.752942465987400E-008   3.591103834116200E-009
 
  -2.638886239640900E-008  -2.985285575350400E-008
  -1.737859699466800E-008   9.196749297403300E-009
   7.422561533783000E-009   8.194652372425100E-009
   7.520256128079800E-009   2.338199487098400E-008
  -1.705805259415900E-008   5.353206562180500E-009
  -1.346661001100200E-008  -2.827483743615100E-008
   2.401111963788100E-008  -5.883554386836300E-009
   3.762456186683400E-008   3.760956035942700E-009
   3.290489976042500E-009  -2.858576640185200E-008
  -4.304077829698100E-009   1.803844398768200E-008
  -1.572551911455400E-008   1.102086822788700E-008
   2.868912878940200E-008   2.074406970077100E-008
   1.660306673889300E-008   2.030480867839500E-008
  -1.406079410323200E-008   1.137570534304000E-008
   5.331855827308900E-009   5.387100725171400E-009
  -3.006101681158600E-008   3.724088609608400E-009
  -3.406410854215800E-008  -1.973321490598800E-008
 
   4.210016703721600E-009  -3.907589314558200E-008
   1.282824886634700E-008   1.358635997903100E-008
  -3.759667590935900E-009  -3.109056299362400E-009
   5.309229104077500E-008   1.459699883072700E-009
   7.314422035935100E-009   2.465035113675000E-008
   1.337783998918700E-008  -1.566099606589400E-008
   6.528587711487100E-009   6.280263016549300E-009
   3.106611643482500E-008   2.470134065690200E-009
  -1.918312355934400E-008   3.614438720032300E-008
   5.566156025561800E-009  -4.595386831385600E-009
  -7.642475358714000E-009   2.117151366031500E-009
  -2.960301997453600E-008  -1.619246466179400E-008
  -6.379933034746600E-009  -3.497973031235100E-008
  -8.002832155315100E-009  -1.307837503571300E-008
  -4.053556692230700E-008  -2.024942682239100E-008
   1.067091384054400E-008   6.965436911086600E-009
   3.600319194161800E-009   4.510376054793800E-009
   2.620606097341000E-009  -1.081005840632600E-008
 
  -6.967501444863000E-009   1.580485073735300E-010
   3.143505157221000E-008  -4.329547977430800E-009
  -9.899993320420699E-009  -9.882120843853499E-010
   1.582678680733500E-008  -5.661937689357700E-009
   1.205822379286900E-008   2.720444406461100E-008
  -2.385006200769900E-009   1.795165959147800E-008
   7.367785912217000E-009  -8.664848171949801E-009
   3.105218907358100E-008  -1.046260884716800E-008
   3.030466163759600E-009   6.451556653691300E-009
  -3.337748958939300E-008  -7.090179307830100E-009
   1.608072019772300E-008   1.100031732880800E-008
  -2.988655726319100E-009   9.309679878841500E-009
  -7.446551509079000E-009  -2.839830385405100E-008
  -4.529432073734600E-009  -1.311345268900000E-008
  -1.783845861536800E-008  -1.410591617249600E-008
  -2.142121241303200E-008  -6.957450867933800E-009
   2.910575306761900E-008  -1.515253714799500E-008
   3.471434029044100E-008  -9.438577455496400E-009
  -2.370858199997800E-009   4.779609147895500E-009
 
   8.347767501126101E-009   6.244529416928500E-009
   2.003044802948700E-008   1.488447008857600E-008
  -5.934994906676800E-009   3.557115117105500E-008
   5.457174723465100E-009  -2.241010119827000E-008
  -1.145231838893000E-008  -6.935077586487700E-009
   1.156540109734100E-008  -4.234173200209200E-010
  -2.030151022814900E-008  -1.299588922639300E-008
   4.922203130563000E-009   4.067161843659400E-009
   1.804391255339700E-008  -5.864871386723200E-009
  -3.254903467240000E-008  -5.760183199207400E-009
   1.456276272082000E-008  -1.892975129829500E-008
  -6.409215408375100E-009   1.815422094261200E-008
   2.732349053921300E-008   7.032512966209100E-009
   1.189437702658000E-008  -1.447223385773800E-008
  -2.583273767831600E-008  -7.658024149069000E-010
  -1.206370464151600E-008   3.300188399235700E-010
   4.434724837282000E-009  -1.370340545996100E-008
   1.491663218265200E-008  -9.836929153544599E-010
  -2.962624529723300E-009   1.095964964753300E-008
   4.044584095530900E-009  -1.234661833792400E-008
 
  -1.579336932323600E-008   2.670406999207400E-008
  -3.324587736183100E-009   5.860629374294300E-009
   2.022289123311200E-008   2.193085341152500E-008
  -6.594241172693900E-009   1.775654843482000E-008
   1.865730233230200E-009   5.516922211031500E-010
  -1.442189575249800E-008   5.290795334412100E-010
  -9.267999452179900E-009   4.219159810181500E-009
  -1.760202819073500E-008   3.455898470666500E-009
   1.640532811959500E-008   9.895539088890500E-009
  -1.154212944077100E-008  -1.102542237499200E-009
   7.664767160907201E-009  -3.595780813488100E-008
  -3.262315468042900E-009   1.517244948287900E-008
  -1.923267782543400E-008   1.339119314734400E-008
   2.033210648859100E-008   7.526046257882700E-009
   1.755300862671200E-008   1.056388320635600E-008
   7.847638015973500E-009  -6.632760839550500E-009
  -6.712383783543000E-009  -7.492367458246000E-009
   2.582769523721800E-008  -1.098367165950300E-008
  -2.713000632484500E-008   1.652723889551200E-008
  -2.677906753633000E-008   1.625560303866400E-008
   8.419602920939200E-009  -3.717832877775500E-009
 
   1.370489619370900E-008  -2.433076518899700E-009
  -2.445843019409100E-008  -9.532772635305599E-010
   1.051144080171400E-008   1.185366102559400E-008
  -5.545223220080400E-009   1.752408791541000E-008
  -1.344423745504600E-009   5.976436683068900E-010
   9.618227062212001E-009  -9.191386924378500E-009
   1.512382187370000E-008   4.612562822611500E-009
  -2.449470961517300E-008   3.041015713325000E-009
   6.316509315441100E-009   9.501562560133599E-009
   5.950937564487100E-009   2.497593182209900E-008
  -4.586634844054200E-009  -1.714284498866800E-008
   2.581074788261300E-009  -7.710749316302701E-009
  -1.717804168090300E-008   1.973694864670200E-008
   1.126109135671000E-008   7.811750468055500E-009
   2.585272280939000E-008   4.832176634449900E-009
   3.482056022731800E-010  -6.880461616730700E-009
   8.630146872252401E-009  -1.452242991326100E-008
   1.005370834143200E-008  -1.616049876515600E-008
   1.365048792746900E-008  -3.608849985236000E-009
  -1.674957829376800E-008   2.003526668319500E-008
  -2.490645371386000E-008   2.381714697432900E-008
  -9.548541361280199E-009   2.376492058759700E-009
 
   1.027222830562700E-008   1.696856517839400E-008
  -1.359428034619200E-008  -5.702329549320900E-009
  -2.398038948158000E-008  -1.677387338248300E-008
  -2.254057737858500E-008   7.157919685068600E-009
   2.045910538056400E-010  -1.066725821813900E-009
  -1.343069531897600E-008   1.578438864219400E-008
  -5.146599431831500E-009  -3.652421464050700E-009
   5.043528843646700E-009  -1.571401795762100E-009
   5.851315444066599E-011  -1.447079167233700E-008
   1.469433791105500E-008  -2.651636736720400E-009
   9.095899208614600E-009   1.575885787945800E-008
   1.649913891858600E-008  -1.276470773414600E-008
  -1.138745610591900E-008  -5.081371724991200E-009
   7.720644276776999E-009  -2.445961864143000E-009
   1.831118262822800E-008  -3.475720919540700E-009
   6.200089627691200E-009   1.147887187826200E-008
  -5.544835999992400E-009  -1.267428375363600E-008
   8.090844393169700E-009  -1.419337387094400E-008
  -5.298396655853800E-009   1.086580055256100E-008
   8.172209649549200E-009  -5.627441853381200E-009
   1.556196072844000E-008   1.166014407234500E-008
  -1.764915682435600E-008   4.756575030142800E-009
   3.282397374479600E-009  -1.071780546606100E-008
 
  -2.620855758796400E-009  -3.302193848741500E-009
   1.335369186658700E-010   1.510824806704800E-008
  -3.285698051870600E-009  -8.850371913964500E-009
   7.403099199838100E-009   4.955956196172700E-009
  -5.351829471387100E-009  -2.085833550316700E-008
   2.985964684919500E-009   3.296326286065000E-009
  -5.062447401556800E-009   4.113325186728400E-009
   1.562683473955900E-008  -4.603189857439800E-009
  -1.084203021649100E-008  -1.847863293548500E-008
   9.482767793477300E-009   1.801147533099300E-008
   1.308445159542000E-008   1.810041205203900E-008
   1.201363226028300E-008  -5.565606481978200E-009
  -2.973371196583500E-009   3.238371162080800E-009
  -1.958726319854200E-008  -1.814060480197000E-009
   6.544437610569400E-009  -1.597966178957900E-008
   8.972624800656799E-009   3.076204750618400E-009
  -1.235572954579700E-008  -5.788385926444400E-009
  -7.658095094887600E-010  -1.005895742137300E-008
  -4.169254921979400E-009  -8.219169805173701E-009
  -5.087166447095000E-009   8.855996439660300E-009
   5.999422099204000E-009   1.316655120652200E-008
   3.525278635725600E-009  -3.547351945615900E-009
  -6.581056318615900E-009  -8.272735356273300E-009
   1.188490425565500E-008  -4.329254477712100E-009
 
   6.990883822541300E-009  -1.045739020286900E-008
   1.906599425481200E-008   8.618068503858799E-009
  -1.044012851681600E-008  -1.508548073481600E-008
   9.170295347972700E-009  -4.016094791197000E-010
  -8.620046262189100E-009  -2.837085997119700E-009
   1.900976274043500E-008  -6.929333232639000E-011
   8.676773601644501E-009  -6.799793465997500E-009
   5.982258140082900E-009   2.178143580454800E-009
  -2.877677538910600E-008   2.154661463035000E-008
   9.722942325915101E-009  -3.516899589666700E-009
   2.243476945061000E-009   9.196089277267899E-009
  -9.557094184015201E-009   1.201353670599000E-008
   7.539874663318700E-009  -1.249625041901300E-008
  -2.059428503839700E-008   6.992089564648000E-009
  -4.503796642262300E-009  -7.370785450294900E-009
   8.228707172139300E-010  -1.311385828756200E-008
  -1.520789946424700E-008  -3.144078124924900E-009
   7.851886021102000E-010  -1.538347770433300E-008
   7.802132880454599E-009   9.597769216406600E-009
  -7.424048388329400E-009  -2.383079027944300E-010
   1.109127796760400E-008   7.575188788314101E-009
  -1.352995004351900E-008   3.707885184733500E-009
   8.202068633880701E-009  -1.200517036770800E-008
   3.822279912139000E-009  -8.180291662803301E-009
   1.066233553324600E-008   4.132816091859700E-009
 
  -1.134951602725500E-009  -5.945529583078000E-009
  -2.137495094560100E-009   1.236841784294500E-008
   1.132626580016400E-008   1.639014239454900E-009
   1.756556126510000E-008  -1.731592438165700E-008
   1.123960686491800E-008   8.754752185452001E-009
   1.123962716621500E-008  -9.903933982052101E-009
  -2.742389986295200E-009   3.937350669112100E-009
   4.940573381645500E-009   2.154328581501200E-009
  -1.159408140992100E-008   1.825894193718200E-009
  -1.343714345038500E-008  -3.581659910629000E-009
  -1.936542245128700E-009   8.750429817239500E-010
  -1.744095750187600E-008   1.581452703690600E-009
   6.454119980106700E-010   1.265679077445500E-009
   8.333285755527100E-009   7.184943090927200E-009
  -1.374309534006800E-008   8.270934297061299E-009
   1.483411741341100E-009  -6.156369678070900E-009
  -1.196826414970400E-008   7.943687189734000E-009
  -1.327708164976500E-008   5.128541529115100E-009
  -1.983189988778600E-009   3.354787206642800E-009
   6.481324269954700E-009  -1.187557683596400E-008
  -8.819328643042600E-009   1.913413910737900E-009
   1.139019279544100E-008   7.031237938546100E-009
   1.120018919620400E-009   1.147211144362300E-008
   8.604273206947000E-009   1.460869960688900E-008
   3.357668556324100E-009  -1.170121672260100E-009
   3.648442456187600E-010   2.079124847497300E-009
 
   5.162261465303100E-009  -9.149796908430600E-010
   5.025053970825200E-009   7.410109411361300E-010
   3.609525601240300E-009   7.987539015799800E-009
   7.281221609069200E-010   9.103119147156000E-009
   1.446272542469300E-008   1.510012862034800E-008
   1.295376806710900E-009   8.435561931848200E-009
  -1.287842741096200E-008  -3.743224622861100E-009
  -1.210062460552600E-008  -1.088807084752400E-008
   1.833055331888200E-009   1.202278196649600E-008
  -1.391499535542100E-008  -8.584057838968600E-010
   4.706800821609700E-009  -8.602401264522399E-009
  -7.813554809376200E-009   5.785863646614700E-010
  -3.915242363764300E-009  -4.774775769509000E-009
   1.798093471305600E-008   1.012154066200900E-008
  -2.262503183759400E-009   1.961385336187500E-009
   3.632784209844400E-009   3.734448732183700E-009
   3.595438385050400E-009   6.123036398514200E-010
  -2.701275954838300E-009   8.714342626818100E-009
  -2.048812952283500E-010  -2.901537355019500E-009
  -1.140951745089300E-009   3.960744581779200E-009
   4.911667770275900E-009  -6.517345240263600E-009
  -5.442186890791000E-009   3.620433720093300E-009
  -5.048887828911500E-009  -1.024358373095700E-008
   9.056975769174400E-011  -1.865940560643900E-009
   1.241825147180200E-008   5.185167698820200E-009
  -6.584039831757400E-009  -2.392799574819900E-009
   7.876190054142500E-009   1.126464985738500E-009
 
  -5.984212417742900E-009   6.295332720027500E-009
  -1.445936917316900E-008  -9.619179228162601E-009
   4.332258606270600E-009   1.241104293863300E-008
  -1.371751818343900E-009   6.945003455273900E-009
   1.160864942834800E-008  -2.374266998008700E-009
  -5.356147135987500E-009   9.770677786070300E-009
  -2.151248966018500E-009   7.581011799753200E-009
  -4.825237483083500E-009  -5.098913399013700E-009
   9.123630703112400E-009  -9.352135766828400E-009
  -9.844154788778101E-009   8.664050718213201E-009
  -5.287207950801000E-009   4.435307833206000E-010
   1.509780079616300E-009   1.142210172833000E-008
   1.172929440098700E-009   6.376926908866300E-009
  -7.485420090273000E-009  -1.255509116268700E-008
  -1.128534952693000E-008  -2.899528143982500E-009
  -3.998770037642300E-009  -1.286893936459600E-008
   1.354769989451200E-008  -5.024043086659900E-009
   5.997678329930400E-009  -4.023129638219100E-009
   5.982830811185000E-009   2.407690312674700E-008
  -1.707620646856300E-009   7.029749312135800E-009
   6.756882283542600E-009   6.620683577064800E-009
  -1.718285756411800E-009  -6.479006306840900E-009
   5.817766238607800E-009   3.039110100209400E-009
   1.025661590738100E-008  -1.371983440104000E-008
   7.286241185373100E-009  -1.719006148870400E-008
   1.193294476826700E-008   3.882224586032900E-009
  -7.853253341587300E-009   9.366356539823800E-010
   7.714674211814599E-009   7.590370014709899E-009
 
   1.482816468391300E-009  -9.496372916494800E-009
  -5.202407266386800E-009  -4.039378000993500E-009
   8.961337590643600E-010  -1.033219363448800E-008
  -2.654620303451000E-008  -1.051853686959700E-010
  -7.896829631710900E-009   3.799253176115200E-009
   1.289892836217700E-008   4.213371304626200E-009
  -4.092209315768700E-009  -5.551660218410500E-009
  -1.587955569136400E-008   1.064729373688600E-008
  -1.744835555484800E-009  -4.728127019892000E-010
   1.423556840393300E-008   4.317260086038100E-009
  -7.572752597628700E-009   7.959570347404201E-009
  -3.735757554999900E-009  -2.902150737964200E-009
  -1.394171937087000E-009  -2.237968082094300E-009
  -5.472045737942300E-009  -3.412802825918700E-009
  -9.374884900748100E-009  -7.534477114834299E-009
  -1.594313136191100E-010  -1.483934284295400E-008
  -1.409815633012300E-009  -4.051409022395900E-009
  -4.165924835347600E-009  -4.025430429943500E-009
  -5.865351719608800E-009   6.082107510143300E-009
  -7.511602721320999E-009   4.884085644159700E-009
  -9.947299263982400E-009  -5.441897721837600E-009
   1.252749894709300E-008  -7.389430013295200E-010
  -2.356077193174300E-009   2.817594472782800E-009
   7.134705167367800E-012  -2.194945794447500E-009
   5.654480364776100E-009   8.211950699648000E-009
   8.271536493608700E-009  -7.017091684086200E-009
  -7.682019622007299E-009  -7.500490406031400E-010
   9.818630584570501E-009  -6.054828439326700E-009
   1.341530164606800E-008  -5.303034266099500E-009
 
   2.544985004029900E-012   2.616317438216100E-009
  -9.483131704176099E-009  -4.070641356479900E-010
   9.855232656463100E-010  -1.448822378518300E-008
  -2.671735423287700E-009  -1.609705891352300E-010
  -3.439581182283100E-009  -5.696046496827600E-009
  -1.568239761082000E-009   2.506616595027700E-009
   5.234901358836700E-009  -3.180260986448400E-010
   2.943813398192500E-009   2.624514919788200E-009
  -8.336019468283600E-009  -1.196168062416100E-008
   3.698624057392000E-009  -5.940135857305200E-009
  -9.219935698040399E-009   1.005890148810600E-008
   1.496081519993700E-008  -1.096197354020600E-008
   1.441329673974400E-008   2.619084572001700E-009
   5.200292406060700E-009   7.245435100675200E-009
  -5.555992156670700E-010   4.823959404451700E-010
  -9.697047949445401E-009   4.628991382800300E-009
  -6.843136327723400E-009  -4.485674098176400E-009
  -1.167186001057900E-008  -7.606249478243700E-009
  -1.346709127074500E-008   2.603798730417900E-009
  -4.705112151085400E-009   1.217360344812400E-008
  -1.101141191606300E-008  -6.903874015116000E-009
  -4.775342660652000E-009  -8.667850885455701E-009
   4.723497203428600E-009  -9.905525213218701E-009
  -2.871237363402200E-009  -2.720746247144400E-009
   3.652635569322800E-009  -1.626421902262200E-008
   1.467456455933500E-009   1.214352830149200E-008
  -7.410085496868000E-009   1.237007103905300E-008
  -4.937059443090600E-009  -7.767231281238900E-009
   4.304515848026400E-009   1.916628919621800E-009
   2.933661584473300E-009   7.246710480219500E-009
 
  0.70375080305204E-08 -0.21252868327119E-07  
  0.50450003993198E-08  0.40357645428618E-08  
 -0.54997769908346E-08 -0.11590886793377E-07
  0.13109096059548E-07 -0.36159287812381E-08  
 -0.72488924438808E-08  0.25519726115156E-08  
 -0.15352252832527E-08  0.47817280243854E-08  
  0.34195829812461E-09 -0.22912808920155E-08  
 -0.32337926035620E-08  0.20630923271861E-08  
 -0.63801736202657E-10  0.60110130530346E-08  
  0.25173551698035E-08 -0.95736612187097E-08  
  0.36273946742603E-09  0.21338538750082E-07
  0.23999151253947E-08  0.35317797193789E-08  
  0.89021995476527E-08  0.30265089207092E-08  
 -0.48253234242705E-08  0.20004900135831E-08  
  0.26283134696646E-08 -0.21806017434121E-08  
 -0.53565656115019E-08  0.62078570204389E-08  
 -0.28999957028681E-08  0.67828031623987E-08  
  0.49652162825009E-09  0.85100840441229E-09  
  0.20333873939664E-08  0.48216433061225E-08  
 -0.29192668542685E-08  0.75323920816559E-08  
 -0.95946079285547E-08  0.63388371841268E-08  
 -0.90945201239253E-08 -0.11418284238910E-07  
  0.75499948546463E-08  0.44245882014361E-08  
 -0.38834559062948E-08 -0.36991573962793E-08  
 -0.16659144421196E-07 -0.23165887848505E-08  
 -0.11668007648664E-07  0.16999895746563E-08
 -0.12296033660844E-08  0.10685495563756E-07  
  0.10403931562795E-07  0.26586782264928E-08  
 -0.11626717486329E-08 -0.24164336771811E-08  
 -0.36844512504110E-09 -0.71094111751081E-08  
 -0.84574100484866E-08 -0.97414202894913E-09  

 -0.25859596847769E-08  0.29763687982559E-08
  0.88364365521637E-08 -0.30983852807461E-08  
 -0.41322500563756E-08  0.15415336720043E-08 
  0.14461049381481E-08 -0.10336761273503E-07 
  0.88557267354464E-08 -0.75483898554544E-10  
 -0.62949885477291E-08 -0.10502337936482E-07  
  0.10184110848316E-08  0.40915677341347E-08  
  0.15589336787421E-07  0.49461648407973E-08  
  0.75093552397558E-08  0.22686064190087E-08  
 -0.29246410685110E-09 -0.45934385220568E-08  
 -0.60599198718684E-08  0.71332397405201E-08  
 -0.14834832461810E-07  0.15905547489655E-07  
  0.33141339501102E-08  0.48509526974287E-08  
 -0.35667919510939E-08  0.14891173490391E-08  
  0.60664620318031E-08 -0.98637774610438E-08  
  0.23846379923908E-08  0.38368338741002E-08  
 -0.56834188712766E-08  0.96061561539115E-08  
  0.12519074642016E-07 -0.11789342956031E-08  
  0.14139363897875E-08 -0.24703012374797E-08  
  0.32165665251261E-08  0.98435976281142E-09 
 -0.22487567642246E-08  0.11260862400620E-07  
 -0.11209303646280E-07 -0.23836619246899E-08  
  0.81108596427857E-08 -0.15140901686210E-08  
 -0.42735593451042E-08  0.30248967347148E-09  
 -0.19529343701056E-07 -0.63127494121939E-08  
  0.56275636417729E-08 -0.35181142864065E-08  
 -0.47736958467689E-08 -0.64990089737695E-08  
  0.19509785097610E-08 -0.52988894601069E-08  
  0.44544230241001E-08  0.31586983810302E-08  
 -0.63338835033344E-08  0.10605960653197E-08  
 -0.61097258258161E-08  0.82802843898541E-09  
  0.23941117843103E-08  0.27716425439431E-08  

 -0.56987919214977E-08 -0.15808801506559E-08
 -0.63049497952633E-08  0.18693686656607E-08
 -0.65259311172228E-08  0.56418355296446E-08 
 -0.50135463776586E-08  0.25036117574140E-08  
 -0.28602466124758E-08  0.35489005062189E-08  
  0.12003927757380E-09 -0.59835893157072E-08  
 -0.55951698437036E-08 -0.15376659261816E-09  
 -0.32983568380758E-08  0.14331732206945E-07  
  0.53816568675425E-08  0.74193036632553E-08  
 -0.26301553179659E-08  0.34643732167016E-08  
  0.31054917746817E-08 -0.74629575458611E-08  
 -0.26293806927498E-08  0.10053845050429E-07  
  0.44610392894689E-08  0.48688619970871E-08  
  0.47351794036692E-08  0.50841377247610E-08  
 -0.34559567524563E-08 -0.26449997509727E-08  
  0.63735503693295E-08  0.56072885997515E-08  
 -0.60988606241602E-08  0.12420907643643E-07  
 -0.10846508084311E-07 -0.32302870529339E-08
  0.81841256919084E-08  0.19259026669059E-08  
 -0.26842385120375E-08 -0.10028078122323E-07 
  0.11222989118312E-08  0.39144176124524E-09  
 -0.79002642983712E-08 -0.15354910566612E-07  
  0.79967316705732E-09 -0.84162355436389E-08  
  0.11216687362027E-07 -0.79286217343873E-08  
  0.48516936588540E-08 -0.10574873609178E-07  
  0.11000883207434E-07  0.45369644748112E-08  
 -0.83453805434672E-09  0.16668776564055E-08  
  0.16536663962406E-08 -0.12091366360917E-08  
 -0.15876082489311E-07  0.54897911496190E-08  
 -0.42084551280198E-09 -0.17561834992396E-07  
  0.47015340695444E-08  0.24915476279865E-08  
  0.58793141347490E-08 -0.31509424416937E-08
 -0.14505262440849E-08  0.87117371697794E-08  
 
 -0.35689557525599E-08  0.46812668370620E-08
  0.10910849969535E-07  0.53727361614166E-08  
  0.11130713844996E-07  0.81005522889935E-08 
 -0.61825458176409E-08 -0.24904790289612E-08  
 -0.17194683287627E-08  0.71559503165336E-08  
 -0.28052756551067E-08  0.69460297936089E-08  
  0.22765500951007E-08 -0.44639777885379E-08  
 -0.14407509436488E-07  0.41480366962989E-08  
 -0.94357744467773E-09  0.25492371352148E-08  
 -0.10376299442627E-07  0.65939599933616E-09  
 -0.24011458643133E-08  0.96020933563917E-09  
  0.13379610555375E-07 -0.43229691081878E-08  
 -0.27834464424729E-08  0.29185909003513E-08
 -0.10875293125906E-08  0.89689900478651E-08
 -0.30394086894027E-09  0.75496173509464E-08  
  0.15355951649867E-09 -0.17752787463051E-08  
 -0.58034734890858E-08  0.29560152941126E-08
 -0.13685595663495E-07 -0.49241213638590E-08  
 -0.26638540853061E-08  0.61387266399199E-08  
  0.40817049433715E-08 -0.87264660927431E-08  
 -0.17305173371647E-08 -0.79401293647028E-08  
 -0.28422547387792E-08  0.34985196229861E-08  
 -0.13879900858154E-08 -0.11205115923018E-07  
  0.78776922378632E-08  0.50672197360394E-08  
  0.71180570820603E-08 -0.10252954880124E-07  
  0.34558481918300E-08 -0.13176410971623E-07  
  0.12883690108888E-07 -0.38237299438621E-08  
 -0.12867241478109E-09 -0.20060552634986E-07  
  0.70563724772086E-08 -0.45113353008348E-08  
 -0.19783053122095E-07 -0.63628452833560E-09  
 -0.38207252743832E-08 -0.16095737633889E-09  
  0.81000468018886E-08  0.32716923636332E-08  
  0.12501388631625E-07  0.37644679061411E-08  
 -0.69990368549522E-08  0.23916996433435E-08  

 -0.14881914271661E-07 -0.10698340597469E-07
 -0.16771994944340E-07 -0.61372319006159E-10  
  0.30644212365513E-08  0.48955500185915E-08
 -0.12215550645019E-08  0.29385015650431E-08  
 -0.52985506937045E-08 -0.11276442821406E-07  
  0.17427865754584E-08  0.82426174257340E-08  
 -0.20680735718950E-08  0.18420564704472E-08
 -0.11368207595536E-09  0.10121051269250E-07  
 -0.16457955281174E-08  0.91805444824580E-10
 -0.47016324343867E-08  0.11057657566184E-07
  0.25539704885988E-08 -0.32890911719749E-09  
  0.77886626542767E-08 -0.50745534435348E-08  
 -0.37573842332924E-08  0.19625823085302E-08  
 -0.65895772950645E-08 -0.63107722976431E-08  
 -0.16584291586148E-07  0.80721763422461E-08  
 -0.61867796566776E-08 -0.57457874767911E-08  
  0.16633523415006E-08 -0.95397303365139E-08
 -0.44873643337879E-08 -0.10459163248748E-07  
 -0.31868745559649E-09 -0.36606034613215E-08
  0.15515074610465E-08  0.22785069091271E-08
  0.12787893299197E-07  0.58277393909168E-10  
  0.50450067510417E-08  0.64981279029823E-08  
 -0.95390939312644E-08 -0.19467543434399E-08  
  0.46851717820764E-09  0.53373733033907E-08
  0.61972356321994E-08  0.13818082497471E-08  
 -0.46041514873498E-08  0.37818830370303E-08  
  0.11439705999579E-07 -0.13223240265205E-07  
  0.76989827633293E-08 -0.15563151193940E-07  
  0.83663382437727E-08  0.33709703530009E-08  
 -0.37946159848160E-08  0.33331798191475E-08  
  0.75967868791866E-08  0.41444983510424E-08  
 -0.36899238800215E-08 -0.67909967857878E-08  
  0.54689002064865E-08 -0.29176539275493E-08  
 -0.14692888292640E-08  0.12771614413310E-08  
 -0.65178626800302E-08 -0.43798912779126E-08  

 -0.14991388714294E-08  0.83425647856924E-08
 -0.61049617479109E-08 -0.34221009913765E-08  
 -0.23265996659644E-08 -0.14738610470651E-07 
  0.45444614772284E-11 -0.15037206185460E-08  
 -0.66865168680088E-08 -0.94282031080321E-09  
  0.98010565009154E-08 -0.72546344112845E-08  
  0.21793756490405E-09  0.34896516976891E-08  
  0.44981421595453E-08 -0.62521470001584E-08  
  0.26663066425380E-08 -0.26155187054733E-08  
  0.27526387060847E-08  0.88270441211181E-08  
 -0.12570821902319E-08  0.37946363903118E-08  
  0.35271409191825E-09 -0.60660400084528E-08  
 -0.65748106435101E-08  0.56069085078863E-08  
 -0.10506233704874E-07 -0.62997923980335E-08
  0.17266313302304E-08  0.30823598814957E-08
 -0.10046126827705E-09  0.15732987542359E-08
  0.59215237287973E-08 -0.73965977613533E-08  
  0.96785433080318E-09  0.40686590410723E-08  
 -0.59695526126569E-08 -0.47496135026872E-08  
 -0.54148197793223E-08  0.26310966372884E-08  
  0.97549876350879E-08 -0.48368913465435E-08  
  0.32018556761368E-08  0.15248568073409E-08  
 -0.14184430541400E-08  0.19381129527985E-08  
  0.99794888399517E-10 -0.51464900786705E-08
  0.30454191908507E-08  0.14431792451066E-07
  0.41724691341001E-08  0.83550098630204E-08    
 -0.71215852032871E-08  0.88496250716480E-08
  0.17963853768828E-08 -0.46711249300831E-08  
  0.23792675282079E-08  0.23242866671522E-09
 -0.91755308820319E-08  0.65515220785754E-08  
 -0.80076472417207E-08 -0.40045324048084E-08
  0.11527181479114E-07  0.36318491894948E-08  
  0.20877662284873E-08 -0.43465096246093E-08  
 -0.91533170751716E-08  0.45238368604284E-08  
  0.32501939727610E-09 -0.12291257694643E-07  
  0.31769171938129E-08 -0.66828127252719E-08

 -0.50429538775229E-08 -0.68710570467543E-09
 -0.58175406387425E-08 -0.11151703506604E-07  
 -0.35242353874905E-08 -0.28121240751428E-09 
  0.43906484947044E-08  0.15970764590180E-08  
 -0.87705724000760E-08 -0.17578030952267E-09  
 -0.38461067191976E-08  0.72391694427681E-08  
  0.52725043063333E-08  0.51336640497740E-08  
 -0.30965690445085E-08 -0.23921479922246E-08  
  0.27234571012132E-09 -0.38328283292254E-08  
  0.69790870713884E-09  0.21966999237812E-08  
  0.79420208925903E-09  0.26441692723958E-08  
 -0.29560655598353E-08 -0.44481983046003E-08  
  0.96073692058446E-09 -0.93800131711038E-08  
 -0.15461269164497E-08 -0.36838291126044E-08  
  0.94271276744181E-08 -0.17118224232065E-08  
  0.41729413666725E-08  0.14475936558486E-07  
  0.44701737590728E-08 -0.25655305851969E-08  
  0.82002794256846E-09  0.40569453511551E-08  
 -0.76120197562547E-08 -0.18793902758059E-09  
 -0.94008918536878E-08 -0.28426389617994E-08  
  0.12297704808899E-08 -0.23064781433323E-08  
  0.69627744302472E-08  0.83615288692319E-09  
 -0.55400779050060E-09  0.22745225869266E-08  
 -0.76001641457066E-08 -0.91966445181429E-08  
  0.67165817588692E-08 -0.36405378318537E-08    
  0.55815296521022E-08  0.10354992679476E-07  
 -0.49665442923190E-08  0.46013872394898E-08  
  0.13186530488638E-07  0.35579182833010E-08  
  0.51968501599340E-08  0.64482667458622E-08  
 -0.76442404995903E-08  0.13424394358438E-07  
  0.34668512810631E-08 -0.76936495015198E-08  
 -0.70470343279658E-10  0.50764877217990E-08  
  0.73189728648415E-09 -0.15888490954054E-07  
  0.14730078597814E-08  0.16792535771431E-09  
 -0.99158538721247E-08 -0.85528706911652E-08  
 -0.43305283493967E-08 -0.36913145931996E-08
  0.52662631138689E-08 -0.39742060010390E-08    

  0.38854306870100E-08  0.17182880623013E-09
  0.82253398429881E-08 -0.11646943162579E-09  
 -0.29189704338006E-08 -0.22133121711145E-08 
  0.76160519661233E-08 -0.34118700499489E-08  
 -0.70317756822343E-08  0.92733036375738E-08  
 -0.11873965356965E-07  0.32001633884569E-08  
  0.98878720110341E-10 -0.21030932401409E-08  
  0.28861932274991E-08  0.37799506046670E-08  
  0.24014497719189E-08  0.60053119723419E-09  
 -0.32942813656096E-08 -0.65212338702631E-08  
  0.94313225503464E-10  0.90513339711186E-08  
 -0.36013164789526E-08 -0.47750964742425E-08  
  0.77213627866885E-09 -0.10339511983488E-07  
 -0.39291970412567E-08  0.25406596441964E-08  
  0.24018741179346E-08 -0.48816824652499E-08  
 -0.55161128594832E-08  0.81309698542316E-08  
  0.26547532018380E-08  0.15921280824067E-08  
  0.94780599276763E-08 -0.21538386407072E-08  
  0.19518704045838E-08 -0.17753767731353E-08  
  0.15329345805491E-08 -0.21674163704250E-08  
 -0.11936139570292E-09  0.12068229815320E-08
  0.80633475768586E-09  0.80466301084145E-08  
 -0.12084695927941E-08  0.64517965754825E-08  
 -0.12055152464209E-07  0.55229015069242E-10  
 -0.17509469165436E-08 -0.35878444482502E-08    
 -0.11035641772764E-08  0.48678876154185E-08  
 -0.14070219169155E-08  0.89221713290756E-08
 -0.46652186846590E-08 -0.52750131243885E-08  
  0.68098477112636E-08  0.28052864479671E-08  
  0.40125582420007E-09  0.25277927981346E-08
  0.35679176864034E-08 -0.58849096622756E-08  
  0.63966329298592E-08  0.26804173961495E-08
  0.26073795367804E-08  0.13902514774380E-07  
 -0.77497412760639E-08  0.27901265003270E-08  
  0.50068696156410E-08  0.28727400745269E-08  
  0.78669221135377E-09 -0.91804018297539E-09    
 -0.29161824709225E-08  0.24508592748820E-08
  0.21752315724153E-08 -0.68369288873189E-09    
                       
 -0.51271296893497E-08  0.36806504479464E-08
  0.34750456667068E-08  0.77051786097080E-08  
 -0.51197310330490E-08  0.72307065847082E-08 
 -0.52866114105561E-08 -0.52528904998422E-08  
  0.39193187828950E-08  0.20450753815914E-08  
 -0.27797051662380E-08  0.31798950820780E-08  
  0.38721079543537E-08 -0.57489060680731E-08  
  0.13600808396285E-08  0.98569468749559E-08  
  0.76949162869096E-08  0.63828436973685E-08  
  0.15430337774797E-09 -0.20855832662697E-09  
  0.14213463492531E-07 -0.26422237710983E-09  
 -0.39603460497214E-08  0.94027540110861E-08  
 -0.16530193263072E-08 -0.54046760052460E-08  
 -0.38677594140700E-08  0.31820608687222E-08  
 -0.49615561918811E-08  0.12090784398974E-08  
 -0.10560404730306E-08 -0.29718674978987E-08  
 -0.12190957725469E-08 -0.17581831728676E-08  
  0.15598165318555E-08 -0.23023713123524E-08  
  0.54355941597676E-08  0.54728427987223E-08  
  0.66069954601767E-09 -0.10951190021399E-07  
 -0.40811378023048E-08 -0.82001205865979E-09 
 -0.50213632699684E-08 -0.53174847700317E-09  
 -0.29148696305357E-08  0.71652929472890E-08  
 -0.93738116645708E-08  0.83436432754417E-08  
 -0.45396018725216E-08 -0.52159333378298E-08    
 -0.18590273636966E-08  0.74694161471271E-08  
 -0.81912485527529E-08 -0.25252716402189E-08  
 -0.31500303792877E-08 -0.11464380415250E-07  
  0.32392852428654E-09 -0.29480261496857E-08  
  0.49752518477341E-08 -0.10500691031781E-07  
  0.15646677995743E-08 -0.10570852807464E-07  
  0.11296754597455E-08  0.57396504607188E-08  
 -0.72665851944937E-08  0.36252697656392E-08  
 -0.21517657905059E-08  0.18930742545004E-08  
 -0.12116549759542E-07  0.20974358724846E-08  
  0.43695411068726E-08 -0.31080543999739E-08
  0.12913240854848E-09 -0.46362680978354E-08    
  0.47181742207407E-09  0.74183252660202E-08
 -0.11772687700207E-08  0.14047299731148E-08
                       
  0.17423648235648E-08 -0.20117531708971E-08
  0.10935646743312E-08  0.12893745957570E-08  
 -0.28944008974563E-08 -0.27631302659831E-08
  0.19229835197075E-08 -0.61705373154269E-08  
  0.11827334981037E-07  0.23909953088538E-08  
 -0.24283081757083E-08  0.16315548389846E-08  
 -0.30350920777309E-08  0.39908647865336E-08  
  0.63283730919996E-08  0.75138573242479E-09  
 -0.18846997537982E-08  0.23540495115886E-08
 -0.55481033094288E-08  0.39969684123174E-08  
  0.42259364429739E-08 -0.21205843243261E-08  
  0.62348600353274E-08  0.28354711163434E-09  
 -0.17984620903192E-08 -0.45934893294662E-08  
  0.17618848801995E-08  0.67362915810719E-09  
 -0.39754798079778E-08  0.11154043779078E-08  
 -0.20597821494261E-08 -0.23237956408960E-08  
  0.19229779082207E-09  0.18191031427977E-08  
  0.94561420701443E-10  0.59403752691915E-09  
 -0.18524366399600E-08  0.13592839491302E-08  
 -0.72709104567142E-08  0.57070891579125E-08  
 -0.34415518024424E-08 -0.20560627423977E-08  
 -0.11123102021095E-07 -0.15239447840606E-07  
 -0.26633067803719E-09 -0.11960041297278E-07  
  0.38954777572264E-08  0.56499401062739E-08  
  0.19732890235331E-09 -0.33673972200552E-08    
  0.79555768316874E-08 -0.38947822748870E-08  
 -0.10712897209908E-08  0.24965398006742E-08
  0.18201373910133E-08  0.57497393387504E-08  
  0.27953014219675E-08  0.15895422220095E-08  
  0.10134639933505E-08  0.18258945672474E-08  
 -0.58587515330836E-08 -0.95625620901769E-10
 -0.34220533694975E-08 -0.44886198448756E-08  
 -0.34112968439355E-08 -0.23192471548650E-08  
 -0.31401177789132E-09  0.13960759463765E-08  
  0.74008228539111E-08 -0.80232231652599E-08
  0.40367077573109E-08  0.48576184408998E-08
 -0.40123783330535E-08  0.78644014741651E-09    
 -0.51769749655786E-09  0.38082832443964E-08    
  0.67393344692626E-08  0.32872322766840E-08
 -0.10274900486482E-08 -0.21911794582733E-09  
                       
 -0.45563812830672E-08 -0.34437193626428E-08
  0.38786472903344E-08  0.20554645866564E-08  
  0.49715985210972E-08  0.45727200958701E-08 
 -0.26408026851471E-08  0.29491152997992E-08  
  0.41685953319306E-08 -0.27865161418086E-08  
  0.57427795101902E-09  0.29509418833227E-08  
 -0.24118637600884E-09  0.14201051907403E-08  
 -0.29107233766269E-08 -0.24042016896475E-08  
 -0.47563960354524E-08  0.34682336135068E-08 
  0.41804829189506E-08  0.22361306429052E-08  
  0.23558088458556E-08 -0.66719950221910E-08  
  0.27406491281832E-08  0.93668108528120E-09
 -0.20470469090876E-08  0.14190149633908E-08
  0.40817660795589E-08 -0.24987518908386E-08
 -0.18756753406738E-08  0.14832018168433E-08
 -0.11933914620835E-08 -0.31077580632611E-08
 -0.19793067515332E-08  0.22878044488249E-08  
 -0.94787715725279E-09  0.65956160966817E-08  
  0.60963206069555E-09  0.13710460467163E-09  
 -0.20488924956209E-08  0.65110424700046E-09  
  0.87738783549860E-10 -0.20203027975681E-08
 -0.92267860995589E-08 -0.24957073492251E-08  
  0.21809675117659E-09 -0.13512178096607E-07  
  0.56187158020385E-08 -0.70294831096688E-09  
 -0.17313126122588E-08  0.39878708799389E-08
  0.60421401217129E-08 -0.81612331881477E-08
  0.20798498214120E-08  0.39017383491174E-09
 -0.95600659811114E-09 -0.53082593681642E-08
 -0.44151835678066E-08  0.57965992338599E-08
  0.26085117747461E-08 -0.16168859406982E-09
  0.10682592133441E-07  0.18321262868609E-08  
 -0.28558657020470E-08  0.53316973124955E-08  
 -0.43451544127873E-08  0.10028290188143E-07  
 -0.38009334721015E-08  0.29434184483366E-08  
 -0.13575940477816E-07  0.29448220625118E-08  
  0.24965957660216E-08 -0.19556923725348E-08  
  0.78503955945321E-09 -0.10267618750922E-07  
 -0.91769237333917E-08 -0.14620605115940E-09  
 -0.56356085938339E-08 -0.22155469365163E-08  
  0.31513048252875E-08 -0.50275843905763E-08  
  0.35797281052645E-08  0.67919104036683E-08  

 -0.17774282868536E-08  0.27479051652360E-08
 -0.22318137133609E-08 -0.49547605761275E-08  
 -0.12413289126406E-08  0.74990504636826E-08
  0.39084674563524E-08  0.24384370148763E-08  
 -0.74567438445597E-08 -0.56682743153593E-08  
  0.87941461046247E-09 -0.38097961758122E-09  
  0.35778004225800E-08 -0.38074554538366E-08  
  0.55507119414704E-09  0.19176192513673E-08  
 -0.44430727508417E-09  0.33903948145830E-08  
  0.53561958128921E-08  0.67061459566593E-08  
  0.38362041815749E-09  0.36507027103849E-08  
  0.51945804328235E-08 -0.86530376943022E-08  
 -0.19675888211484E-09  0.37473686833846E-08  
 -0.54360978988641E-08  0.42048691018909E-08  
 -0.15268930514789E-08  0.68335800351421E-08  
  0.77517654619990E-09 -0.43340586305437E-08  
 -0.36575968809421E-08 -0.41577842145462E-08  
 -0.11188337052418E-07  0.23405595541294E-08  
 -0.22115756036887E-08 -0.35856727524388E-08  
  0.72093198618305E-08  0.11602397875503E-08  
  0.29293393490697E-08 -0.27210411014210E-08  
  0.14797300829845E-08 -0.17831731816350E-08  
 -0.48350850859890E-08 -0.30402205526186E-08  
  0.38122407300780E-08  0.18273253544157E-08  
 -0.70758980159532E-08  0.33039738872519E-08  
 -0.29175928021219E-08 -0.63098516727862E-08 
  0.65268253754276E-08 -0.27330904355720E-08  
 -0.36774185555944E-08  0.21131018255992E-08  
 -0.46416129030266E-08 -0.10036570236820E-08  
  0.46090254973883E-08  0.21752104729944E-08  
  0.57145154179433E-08  0.50958740129714E-08  
  0.60975103404546E-08  0.60472748297591E-08  
  0.48233445266897E-08  0.64651830956245E-08  
  0.24650684131145E-08  0.97018195245913E-08  
 -0.54472318581500E-08 -0.13299395365691E-08  
  0.45430855582539E-08 -0.58583284214849E-08  
 -0.55522092967383E-08  0.33196831274770E-08  
  0.26904576334292E-08 -0.10897937287377E-07  
  0.38580733112938E-08  0.10513241882437E-07  
  0.21865784164333E-08 -0.28535920124790E-08  
 -0.74005118606645E-09  0.19384072206769E-08  
 -0.77861745958124E-08  0.19063925977133E-08  

 -0.93513809745905E-09  0.40252573298230E-08
 -0.87073354867052E-08 -0.29367805054487E-10  
  0.22822255160542E-08 -0.42274705661767E-09 
 -0.37031220886188E-09  0.11885943924086E-08  
 -0.86174270078066E-08  0.29842884107247E-08  
  0.58927319590298E-08  0.18580787126621E-08  
 -0.71022076559531E-09 -0.14043581521769E-08  
 -0.59942281649414E-09  0.24089619328819E-08  
 -0.31944938958936E-08 -0.68454259183989E-08  
  0.10022035217640E-08  0.12613173984553E-08  
 -0.33284335302211E-08  0.66457613746817E-08  
  0.23954274983916E-09  0.84603451432246E-09
  0.16629144446205E-08 -0.25678845869423E-08  
 -0.37579834445492E-08  0.10041374873636E-08
  0.17367936867069E-08  0.76723045074080E-08  
  0.18099242473098E-08  0.13996523026328E-08  
  0.64251860275003E-09 -0.26502801960494E-08  
 -0.19817773922432E-08 -0.43469461066171E-08  
 -0.87380276220892E-08 -0.48734678652215E-08  
 -0.82349685671849E-09  0.81029212277077E-09  
  0.11314314249986E-08  0.49580151207153E-08  
  0.62395904488351E-08 -0.63411534968841E-09  
 -0.93340096470899E-09 -0.83165920270485E-08  
  0.57779851142994E-08 -0.16910110298778E-10  
 -0.45324822685073E-09  0.17467874658479E-08  
 -0.39358899087712E-08  0.24724739348394E-08  
  0.47539605654710E-08 -0.19215634220931E-10  
 -0.24088504292676E-08  0.85682545606905E-08  
 -0.64714382377713E-10  0.16917367657987E-08  
 -0.10149019783052E-07 -0.60275451775244E-08  
 -0.37125977994118E-08 -0.78646497084205E-10  
 -0.39604987357839E-08  0.60747401592584E-08
  0.44640653755006E-08 -0.74358252346266E-09  
  0.21074000605435E-08 -0.79585389761324E-09  
 -0.77082306189702E-09  0.47806178528513E-08  
  0.49397886679816E-09 -0.37247351962637E-08  
  0.28100951343515E-08  0.52021595046631E-08  
 -0.41289382479341E-08  0.43618967100877E-09  
  0.62116713750799E-08 -0.66005049280729E-09  
  0.10884559948947E-07  0.12974804030909E-08  
 -0.22703608587346E-08  0.31609544837263E-08  
 -0.91121285928029E-08  0.55770931140273E-08  
 -0.23142957243468E-08 -0.95695186082706E-08  
 
  0.50295451601822E-08 -0.16772661883992E-08
  0.71655160023374E-09  0.35818430146071E-08  
  0.14408279109822E-08 -0.62644462362132E-08 
  0.97592159277319E-09 -0.76391215458225E-09  
  0.28504920639651E-08  0.41805183846082E-08  
 -0.76244086465748E-08  0.20104798560956E-08  
  0.27075852824736E-08  0.95730149271196E-08  
 -0.28300375769187E-08  0.67182128714753E-09  
 -0.17808682514750E-08 -0.44156709317611E-08  
 -0.39766302582827E-08 -0.41350040196138E-08  
 -0.17701923878015E-08 -0.34754263721520E-09  
 -0.22766816199087E-08 -0.23375557145910E-08  
  0.28690790563380E-08 -0.45171334929886E-08  
 -0.12075510111408E-08 -0.53537572437548E-08  
  0.20097053369292E-08 -0.67355870026865E-08  
  0.49379984807634E-08  0.45611650455219E-08  
  0.36492880214098E-08  0.30407443910192E-08  
  0.56526988223074E-08 -0.26996407450236E-08  
 -0.17401234337670E-08 -0.31059902394412E-08  
 -0.42829101033099E-08 -0.12323972087397E-08
 -0.94967652514259E-08 -0.32638241963922E-09  
  0.57132984637080E-08  0.20694390151300E-08  
 -0.14505339477446E-09  0.62560296720373E-08  
  0.11344735741016E-08 -0.70586122126203E-08  
  0.33942102609551E-08 -0.11099770240474E-09  
 -0.37584106377669E-08 -0.68216951324589E-10  
  0.35792276493168E-08 -0.27497195494155E-08  
 -0.14851707621889E-08  0.40830627641562E-08  
 -0.66415066697266E-08  0.44519023212134E-08  
  0.47399817959391E-08  0.39198787655632E-08  
 -0.22033004669864E-08  0.46423001685058E-08
 -0.45692600865728E-08  0.74837908427314E-09  
 -0.44605951324250E-08 -0.29039019029493E-10  
 -0.38058532647870E-08  0.45537998501802E-08  
 -0.68370000332868E-08 -0.35895699192435E-08  
  0.33986781142994E-08 -0.77808517650736E-08  
  0.96729841765534E-08  0.67439863467193E-08  
  0.32919234377445E-08 -0.64174770799291E-08  
  0.69149209491364E-08  0.31410925392394E-08  
 -0.28083535199948E-08  0.76368025869812E-08  
  0.17612779886751E-08 -0.27140842038152E-09  
 -0.15000421549774E-08 -0.14136880945076E-08
  0.25104998897772E-08 -0.35891027618230E-08  
  0.33908504450514E-08 -0.20772815810630E-08  

  0.40486164473405E-08 -0.45831110827200E-08
  0.13843066735807E-08 -0.18887951460420E-08  
 -0.85131377330177E-09 -0.47229913354286E-08 
  0.24146288037628E-08 -0.16389043160001E-08  
  0.35141568223467E-08 -0.66124741885191E-09  
 -0.43744070807326E-08  0.95742005529144E-09  
 -0.62491123582145E-09 -0.20700624845480E-09  
 -0.32273907548467E-08  0.24577995488073E-08  
  0.24666765269470E-08 -0.42551541269567E-08
 -0.40409389721183E-09  0.21754621240127E-09  
  0.24358549150839E-09 -0.27440541769779E-08  
 -0.37798149778747E-08 -0.14323939214660E-08  
 -0.42346020992163E-08 -0.21174831676616E-08  
  0.21805822918710E-08 -0.57303989854977E-08  
 -0.36517899446912E-08  0.41923907176932E-09  
  0.54031912491304E-08 -0.54817848998448E-09  
  0.15597092328354E-08 -0.12654854576361E-08  
  0.24463149704889E-08 -0.55142105017172E-08
 -0.34893788265325E-08 -0.31025061537079E-08  
  0.46913938394026E-08  0.73298489731769E-09
 -0.36397432399279E-08 -0.70302225834860E-09  
  0.45069879582301E-08  0.36812667590536E-08  
  0.10421531438228E-08  0.53748898438637E-08  
 -0.88849582311800E-08  0.38047529801496E-08  
  0.74159414808939E-08 -0.32904827299597E-08  
 -0.13483411888887E-08  0.44127142149174E-08  
 -0.62744691261939E-08 -0.30235528072279E-09  
  0.68406221016866E-08 -0.15836685182765E-08  
 -0.77675506711723E-08 -0.37472396115914E-08  
 -0.19015862498404E-09  0.23131887823999E-09  
 -0.31358328525195E-08 -0.33059988430536E-08  
 -0.29129633043592E-08 -0.22449120998480E-08  
 -0.28714645095634E-08 -0.29120422044864E-08  
 -0.13772298527708E-08  0.48172931598824E-08  
 -0.58748862682311E-08  0.64880120817078E-08  
 -0.71993088441930E-08  0.86040120626377E-08  
 -0.66393506859034E-08  0.39073901667229E-08  
 -0.41117489756134E-08  0.35268995117804E-08  
 -0.13265635083297E-08 -0.77980476609153E-08  
  0.22867976540535E-08 -0.30889721529621E-08  
  0.10170762201651E-08  0.48467829625616E-09  
 -0.26031353363730E-08 -0.10760869341841E-07  
  0.31075114030819E-08  0.96867627701556E-09  
  0.12639138888034E-07  0.21412999511179E-08  
 -0.14227148159995E-08  0.65760469841221E-09  
 
 -0.28057557751210E-09 -0.76092641159452E-10
  0.68903811896980E-08  0.11024077440426E-08  
 -0.33599491244997E-08  0.77310083791324E-09
  0.23145706888236E-08 -0.65191660709016E-08  
 -0.36271920519296E-08 -0.72695070289212E-08  
 -0.60260011487982E-08 -0.18623092118335E-08  
  0.45813543047468E-08 -0.89345360182241E-08  
 -0.20340896742090E-09  0.24453079139908E-08  
  0.84979503318113E-08  0.65692731610931E-08  
  0.28417111172974E-09  0.98026705361247E-09  
 -0.22802270368129E-08 -0.19035851248664E-08  
 -0.39049588444532E-09 -0.47224286295369E-09  
 -0.37683994263907E-08 -0.11763440915077E-08
  0.14847546390786E-08  0.82831232674612E-09
 -0.37996582645603E-08 -0.12220952705919E-08
  0.17587100168168E-08  0.33868819321971E-08  
 -0.53461925580544E-08 -0.34796132984389E-09  
  0.33405564295822E-08 -0.46861855229882E-08  
 -0.78752492986473E-09 -0.39094963857007E-08  
 -0.11774500169242E-08 -0.52450602967600E-08  
 -0.52562220710254E-08  0.20922688546332E-08  
  0.81362365055313E-08  0.14148854718519E-08  
  0.22167770931222E-08  0.39080143739264E-08  
 -0.27144028820149E-08  0.48246032114906E-09  
  0.41229507398868E-08 -0.74372206143267E-08
  0.44509917611146E-08  0.11311691070530E-07
 -0.27444567956292E-08 -0.47155794860126E-09
 -0.10200741260231E-08 -0.61123874432169E-08
 -0.17531109320444E-08 -0.40581610898331E-08
 -0.41792239166791E-08 -0.78692566455426E-08  
 -0.24497817665393E-08  0.76168831266817E-10  
 -0.26205023813805E-08 -0.24200596137490E-08  
  0.14346505955304E-07  0.11272118634775E-09  
 -0.20360097646292E-08  0.34050551964744E-08  
 -0.52875703399733E-08  0.77494074061453E-09  
  0.80847505585027E-09 -0.11679438084207E-08  
 -0.44171787798555E-08  0.70904392143047E-08  
 -0.65868447164589E-08 -0.30881081334062E-08  
  0.77651169061392E-08 -0.81415934194563E-09  
  0.91912736856479E-09 -0.48912647842249E-09  
 -0.15741840680368E-08 -0.39398599148319E-08  
 -0.77011582947100E-10  0.69704347651023E-08  
 -0.27348075551908E-08  0.11266721901365E-07  
  0.24656444475837E-08 -0.32751857957924E-08  
 -0.18307873040659E-08  0.43429157447394E-08  
 -0.36872340401495E-10 -0.23228306276147E-08
                       
 -0.69060203877625E-08 -0.21747171165442E-08
  0.42638388526292E-08 -0.48421657130216E-09  
  0.18461157167118E-08  0.42443941995527E-08  
 -0.43082112211128E-09 -0.12224849795174E-08  
 -0.21673659515169E-09 -0.29034242784550E-08  
  0.19210843512815E-08 -0.22092247144959E-08  
  0.30352786778950E-09 -0.60617576159535E-08  
  0.41013834142901E-08 -0.12678668502425E-08  
 -0.11478913293290E-08  0.26674459298681E-08
  0.42759384077803E-08  0.35324421792209E-08  
  0.12578326446917E-08 -0.24641465630309E-08  
  0.10097103912528E-07  0.23498466080068E-08  
 -0.35691443503187E-08 -0.20602737320965E-08  
  0.14458304651061E-08 -0.85744555505639E-09  
 -0.18832035404109E-08  0.75588592022016E-09  
 -0.39508894880171E-09  0.46505825800538E-09  
 -0.24700495216481E-08  0.42913139292091E-08  
 -0.12395284779219E-08  0.93288612867709E-08
  0.25546994158708E-08  0.25777966227474E-08  
 -0.87792309220205E-08  0.19345695096668E-08  
 -0.60848056660392E-08 -0.10203882585942E-08  
 -0.65253984802872E-08 -0.30093483993066E-09  
  0.35365854344806E-08  0.46500672298479E-10
 -0.22056018212033E-08 -0.11500915675194E-08  
 -0.98402855570861E-09 -0.99366436453708E-08
  0.85061565600670E-08  0.96742149420195E-09 
 -0.48175631950584E-08 -0.17327442681588E-08  
  0.13978251770187E-08 -0.57664947121722E-08  
  0.65066219986330E-08 -0.84160459808048E-10  
 -0.22709230716976E-08  0.18068730246900E-08  
  0.12845876790800E-08  0.23056342082208E-08  
 -0.31214572391873E-08 -0.29589954852670E-09  
 -0.56994101779884E-08  0.32177779864778E-08  
  0.15360736632467E-09  0.19691202716988E-08  
 -0.73397678588207E-08  0.98357517071439E-09  
  0.77976093326346E-08 -0.38860888283058E-08  
  0.74578645267622E-08  0.30745624290902E-08  
 -0.65017908201069E-09  0.82616166553950E-11  
 -0.72549956772722E-09  0.80705500771765E-08  
 -0.78536424036942E-08  0.75748065994518E-08  
 -0.36233968258093E-08  0.55825135201852E-08  
 -0.20370433197388E-08 -0.39848696768879E-08  
  0.62380325239508E-10  0.32487948963362E-08  
 -0.26053104921359E-08  0.84933811087752E-08  
  0.67730728139022E-08  0.33197934495326E-08  
 -0.15499294412307E-08 -0.31407073943918E-08  
  0.42753750289144E-08 -0.48322232299764E-08  
                       
 -0.67566234659522E-10  0.64438238316649E-09
  0.50250234962532E-08  0.11163396109469E-08  
 -0.36286592545695E-10  0.32528075205652E-08  
 -0.18836663381614E-08 -0.15760686093290E-09  
  0.61051462816303E-08 -0.66205986502762E-09  
  0.46137593082445E-08  0.40571677660547E-08  
 -0.13268017636700E-08  0.31752849707352E-08  
  0.11876080577868E-08  0.22487766106163E-08  
  0.37910451643112E-09  0.45931761087195E-08  
 -0.30141099243678E-08  0.28719560104174E-08  
  0.16148441291789E-08  0.57430668351503E-09  
  0.11241309169793E-08 -0.29263718379316E-08  
  0.35410119853901E-08  0.73273809728986E-09  
  0.62580132114888E-09  0.53101934294322E-09  
  0.45664902779171E-08  0.10206454950693E-08  
 -0.83889770584237E-09  0.17600797250723E-08  
  0.97606327618618E-09  0.19464679775753E-08  
 -0.17089519724880E-08  0.33220520736030E-08  
 -0.18188598945704E-08  0.30657768641274E-08  
 -0.24721778946841E-08  0.50529790976849E-08  
  0.16389708096809E-08 -0.11215335496569E-08  
 -0.57901752049510E-08  0.33449041500985E-08  
 -0.26471078421702E-08 -0.15090425217502E-08
 -0.56401951868740E-08 -0.59072122789490E-09  
 -0.25229216061971E-08 -0.16045839811071E-09
  0.33018500810953E-09 -0.56982348157239E-08
 -0.76628013514740E-08  0.62636012419593E-08  
  0.14507583326132E-08 -0.77368590969410E-08  
  0.30114741764660E-08 -0.50025051464752E-08  
 -0.56271993078700E-09 -0.62737382187180E-09  
  0.26298445269422E-09 -0.26592173943965E-08  
  0.14026578884340E-08 -0.14013039532278E-08  
  0.15763431994911E-09  0.44139363091657E-09  
 -0.10082887929160E-08  0.61238865606499E-08  
 -0.55658369837815E-08 -0.95388573236333E-09  
 -0.26893940780614E-08  0.55635715115721E-09  
 -0.18619273863402E-08 -0.25305972910944E-08  
 -0.10068264164248E-07 -0.10577622616212E-08  
  0.47164387371369E-08 -0.94892408557063E-08  
  0.23968738616012E-08  0.50614468437211E-08  
 -0.23073092924927E-08 -0.84218914794710E-08  
  0.18202558457005E-08  0.23958417399095E-08  
  0.49464301312414E-08  0.50749138787515E-08  
  0.94239767688093E-10 -0.22071630981576E-09  
  0.57975452215889E-08  0.33439503994812E-08  
 -0.24021822543721E-08  0.91574109145681E-08  
  0.30762618275188E-08  0.53366673918294E-08  
  0.62033298049941E-08 -0.16982436967207E-08  
                       
  0.57855908991562E-08  0.26605365239492E-09
  0.65097092564739E-09  0.36130943375430E-08
  0.14706704488317E-08  0.96081894912985E-09  
  0.82155754726711E-09  0.95398337906571E-08  
  0.17985066697426E-08  0.11999339215805E-09  
 -0.10826696452301E-08  0.31071929466997E-08  
  0.33147296716987E-08  0.27653737528849E-08  
 -0.27787878897247E-08  0.31273261949181E-08  
 -0.16106865347481E-08  0.44589327147759E-08  
 -0.52329154244096E-08 -0.16673092420368E-09  
  0.45485615555694E-08  0.12262004496250E-08  
 -0.33921692155388E-08 -0.21517703765060E-08  
  0.33688575753217E-08  0.27209920669728E-08  
 -0.12478515074270E-08 -0.20801560005891E-08  
 -0.86432762487226E-09  0.33974611279704E-09  
 -0.12932072798398E-08 -0.43220953616886E-08  
 -0.29897933477766E-08 -0.14202230814114E-08  
 -0.56509917727374E-09 -0.11715228006641E-08
 -0.22609492044661E-08 -0.80336881328917E-09  
  0.52920334119707E-08  0.37691836799240E-09
 -0.49414147973945E-09 -0.38066393973673E-08  
 -0.34721813154585E-09  0.45748489688131E-08
  0.23723227023823E-08 -0.39476998148381E-09  
  0.30810786414068E-08  0.17439359374236E-08  
 -0.42602367580952E-08  0.39149242019874E-08  
 -0.71352524428760E-08 -0.40963269744573E-09
 -0.34478770004305E-08  0.39358785557446E-08  
 -0.38481958277721E-08 -0.11348107015235E-07  
  0.97214865657884E-09  0.58227858848666E-09  
  0.36354377767371E-08  0.28632750360032E-08  
  0.26093794038398E-09 -0.63747261228127E-08  
  0.27309561113108E-08 -0.50873503190486E-08  
  0.11847405278461E-08 -0.18444005054233E-08  
  0.39152407369516E-08  0.23686716962706E-09  
  0.18889239401818E-08  0.41116259887612E-08  
 -0.41041922107662E-08  0.18787904991020E-08  
 -0.62004197749347E-09  0.17449397025849E-08  
  0.91046470782355E-09 -0.12526640770698E-08  
  0.26976562482517E-08  0.12821421848303E-08  
 -0.22632662369560E-08  0.16820022655280E-08  
 -0.91158362419289E-09 -0.18353062190522E-08  
 -0.35420982662147E-08  0.10388068049567E-08  
  0.44143570398557E-08 -0.65216581619014E-08  
  0.54144026144760E-08  0.60327867688685E-08  
  0.13072915065275E-08 -0.15140069364488E-08  
  0.24732995810004E-08  0.82604689124141E-09  
  0.29201003484542E-08 -0.47978963581068E-10  
 -0.12956723377275E-08  0.92198335932818E-09  
  0.19532531541538E-08  0.87402263191233E-09  
 
  0.32248731799025E-08 -0.15339699978177E-08
 -0.74288192957321E-08 -0.25015187717344E-08
  0.94368716163108E-09 -0.95116940683461E-09  
 -0.76032093678200E-08  0.10777466985698E-09 
 -0.20793706468367E-08 -0.14768500992614E-08  
  0.12522600589330E-09  0.81254368106838E-09  
  0.41183701392062E-08  0.37681283056130E-08  
 -0.43392967032510E-08 -0.59096367463372E-09  
  0.10745472054633E-09  0.37921390393485E-08  
 -0.50526210138679E-08 -0.48836730778732E-09  
 -0.19555770630718E-08  0.30512825072170E-08  
 -0.48915682692611E-08  0.42074572553838E-08  
 -0.17026758935976E-09  0.56413342043319E-09  
 -0.38838512087680E-08  0.39684496899474E-08  
 -0.30490337570329E-08 -0.35282904047226E-08  
 -0.18971931485491E-08 -0.64596589397789E-08  
 -0.25295430809292E-09 -0.31465273707216E-08  
  0.21947755189829E-08 -0.33947906394881E-08  
  0.66206228916200E-09  0.13576405901485E-08
  0.12773093846822E-08 -0.10086561546524E-08  
 -0.43697916101375E-09 -0.53898142224291E-09  
  0.35825474488238E-09  0.30170163657732E-09  
 -0.30378135246821E-08 -0.63639182079025E-08  
  0.83124934840403E-08 -0.14563232359815E-08  
  0.53780044139463E-08  0.17429897742846E-08  
 -0.67214956344855E-08 -0.16133118325400E-08  
  0.56113427724852E-08 -0.14216727456153E-08  
 -0.20922102396782E-08  0.54986866412794E-08  
  0.63147082859021E-08  0.30344993163537E-08  
  0.42425074423667E-08  0.67225243505857E-08  
 -0.31518337596716E-08  0.57855602879645E-08  
 -0.66939294456875E-09  0.11767483649713E-08  
 -0.30300417826305E-08 -0.17522904089579E-08  
 -0.19204546458864E-08 -0.17002427645400E-08  
  0.69354718129024E-09  0.23049804355292E-09  
 -0.30362923208234E-09 -0.30311150509700E-09  
 -0.99574755576539E-09  0.32345809998782E-10  
 -0.26601269045500E-08 -0.59795867661078E-08  
 -0.55532969740416E-08  0.77635981312849E-08  
  0.40046890626664E-08  0.59280064810657E-08  
 -0.65137068091209E-08 -0.45022268223689E-08  
  0.50763025248665E-08 -0.33577382080679E-08  
 -0.77073543381018E-09 -0.19339244133287E-08  
 -0.85197975161489E-09 -0.76939356709894E-09  
 -0.33320042355612E-08  0.41689159428257E-08  
 -0.38414086548945E-08  0.12722708184748E-08  
 -0.59470910190094E-08 -0.10668783385838E-07  
  0.77444006398257E-09 -0.75627617628542E-09  
  0.24418763690074E-08 -0.52696237620849E-08  
  0.34731996729948E-08  0.16710556393342E-08  
